000000
000001
000002
000005
000006
000007
000008
000010
000011
000014
000015
000016
000018
000019
000020
000022
000024
000025
000027
000028
000030
000031
000032
000033
000034
000035
000036
000037
000038
000039
000040
000041
000042
000044
000046
000047
000049
000051
000052
000054
000055
000056
000057
000059
000060
000061
000065
000067
000068
000069
000070
000071
000072
000073
000074
000075
000077
000078
000080
000081
000082
000084
000085
000086
000087
000088
000089
000090
000091
000092
000093
000095
000096
000097
000098
000099
000101
000102
000104
000105
000106
000107
000108
000109
000110
000111
000113
000116
000117
000118
000119
000122
000123
000124
000126
000127
000128
000130
000131
000132
000135
000136
000137
000138
000139
000140
000142
000143
000144
000145
000146
000147
000148
000150
000151
000152
000154
000156
000157
000161
000162
000163
000164
000165
000167
000168
000171
000173
000175
000176
000177
000178
000180
000181
000182
000183
000184
000185
000186
000187
000188
000189
000190
000191
000192
000194
000195
000196
000197
000198
000199
000201
000202
000206
000207
000208
000209
000212
000213
000214
000216
000219
000221
000223
000224
000225
000227
000228
000229
000231
000232
000233
000234
000238
000239
000240
000241
000242
000243
000245
000246
000247
000248
000249
000250
000252
000253
000256
000258
000259
000261
000263
000264
000265
000266
000269
000270
000271
000272
000274
000275
000276
000277
000278
000279
000280
000281
000282
000283
000284
000285
000286
000287
000288
000289
000290
000291
000292
000293
000296
000297
000298
000299
000301
000305
000306
000307
000310
000311
000312
000314
000315
000316
000318
000319
000321
000323
000324
000327
000328
000330
000331
000332
000333
000334
000335
000337
000338
000339
000340
000341
000343
000344
000345
000347
000348
000349
000350
000351
000352
000353
000354
000359
000360
000362
000364
000365
000366
000367
000368
000369
000370
000373
000374
000377
000379
000380
000381
000382
000383
000384
000386
000387
000388
000389
000390
000392
000393
000394
000395
000396
000397
000398
000399
000400
000402
000403
000404
000405
000406
000408
000409
000412
000413
000415
000417
000418
000419
000423
000424
000425
000431
000432
000433
000434
000435
000437
000438
000440
000441
000442
000445
000447
000449
000450
000451
000452
000453
000454
000455
000456
000457
000461
000462
000463
000464
000467
000469
000470
000471
000472
000473
000475
000476
000477
000478
000481
000483
000484
000485
000486
000487
000489
000490
000492
000494
000495
000497
000500
000501
000502
000503
000504
000505
000507
000508
000509
000511
000512
000513
000515
000518
000519
000521
000522
000523
000525
000527
000528
000529
000530
000531
000532
000533
000534
000536
000537
000540
000541
000543
000544
000545
000546
000547
000548
000550
000551
000555
000557
000558
000565
000567
000572
000574
000575
000576
000577
000578
000579
000582
000585
000586
000587
000588
000589
000591
000592
000593
000595
000597
000598
000599
000601
000603
000604
000608
000609
000610
000611
000613
000615
000618
000619
000620
000621
000623
000624
000626
000627
000629
000630
000631
000633
000635
000636
000638
000639
000640
000641
000642
000643
000647
000648
000650
000651
000652
000654
000655
000659
000662
000663
000664
000666
000669
000672
000673
000674
000675
000676
000677
000678
000679
000680
000681
000682
000683
000684
000685
000686
000688
000689
000691
000692
000693
000696
000698
000700
000702
000703
000704
000705
000706
000707
000708
000710
000711
000713
000714
000715
000716
000717
000718
000719
000720
000722
000723
000724
000725
000726
000727
000728
000729
000730
000731
000732
000733
000734
000735
000736
000737
000741
000742
000743
000745
000746
000749
000752
000753
000754
000755
000757
000758
000760
000761
000766
000768
000769
000770
000771
000773
000775
000776
000777
000779
000780
000781
000782
000783
000784
000785
000786
000787
000788
000789
000790
000793
000797
000798
000799
000800
000801
000803
000804
000805
000807
000808
000809
000810
000814
000815
000817
000818
000820
000821
000824
000825
000826
000829
000830
000831
000832
000833
000835
000836
000838
000841
000843
000844
000845
000846
000850
000851
000852
000853
000854
000855
000857
000858
000859
000860
000861
000862
000863
000865
000866
000868
000869
000870
000872
000874
000875
000877
000878
000879
000880
000881
000882
000883
000889
000890
000891
000892
000894
000896
000897
000899
000901
000902
000903
000904
000905
000906
000907
000909
000911
000914
000915
000917
000918
000919
000920
000921
000922
000923
000924
000925
000926
000927
000928
000930
000933
000935
000936
000939
000942
000946
000948
000950
000952
000953
000954
000956
000957
000958
000959
000960
000961
000963
000964
000965
000966
000967
000968
000969
000971
000972
000973
000974
000975
000976
000977
000978
000980
000981
000983
000984
000985
000986
000987
000989
000990
000992
000993
000995
000996
000997
000999
001002
001003
001004
001005
001006
001007
001008
001009
001010
001011
001013
001014
001015
001016
001017
001019
001023
001024
001025
001026
001027
001028
001029
001032
001035
001037
001039
001040
001041
001043
001047
001048
001049
001050
001052
001053
001054
001055
001057
001059
001060
001061
001062
001063
001066
001067
001068
001069
001070
001074
001075
001077
001078
001080
001081
001084
001086
001087
001088
001089
001090
001091
001093
001094
001095
001096
001097
001098
001099
001101
001102
001103
001105
001106
001107
001108
001109
001110
001112
001113
001114
001115
001116
001117
001119
001121
001122
001123
001125
001128
001129
001130
001131
001132
001134
001135
001137
001138
001139
001140
001141
001142
001144
001146
001147
001149
001150
001151
001152
001154
001155
001156
001157
001159
001160
001161
001163
001164
001166
001167
001168
001169
001171
001174
001175
001177
001178
001179
001181
001182
001183
001186
001187
001188
001189
001190
001191
001193
001194
001195
001197
001198
001200
001201
001202
001203
001204
001205
001206
001210
001211
001212
001214
001216
001218
001219
001223
001225
001226
001227
001228
001229
001230
001232
001233
001234
001237
001238
001239
001240
001241
001243
001244
001245
001247
001249
001254
001255
001256
001257
001258
001259
001260
001262
001270
001271
001272
001275
001276
001277
001278
001279
001280
001281
001283
001284
001285
001287
001288
001290
001291
001293
001296
001298
001299
001301
001302
001305
001306
001308
001309
001311
001312
001314
001315
001316
001318
001319
001320
001321
001322
001324
001325
001326
001328
001330
001333
001334
001335
001336
001337
001339
001340
001342
001343
001344
001345
001346
001349
001350
001351
001353
001354
001355
001357
001358
001360
001361
001363
001364
001365
001366
001367
001368
001369
001370
001371
001372
001373
001375
001376
001378
001379
001380
001381
001382
001383
001384
001385
001386
001387
001388
001389
001391
001393
001394
001395
001396
001397
001398
001399
001400
001402
001403
001404
001405
001406
001408
001409
001410
001411
001412
001414
001415
001416
001417
001418
001419
001420
001422
001424
001426
001428
001430
001431
001432
001433
001436
001437
001441
001443
001444
001445
001446
001447
001448
001449
001452
001453
001454
001455
001456
001457
001458
001459
001460
001461
001464
001465
001466
001467
001468
001470
001471
001472
001473
001474
001478
001479
001480
001482
001483
001484
001485
001487
001490
001491
001492
001494
001495
001496
001497
001498
001499
001500
001501
001502
001504
001505
001506
001507
001508
001509
001511
001512
001513
001514
001515
001517
001518
001519
001520
001521
001523
001524
001525
001526
001527
001528
001529
001530
001531
001532
001533
001535
001537
001538
001539
001540
001541
001543
001544
001546
001547
001548
001549
001550
001551
001552
001553
001556
001560
001562
001563
001564
001566
001567
001568
001570
001573
001574
001576
001578
001579
001580
001581
001583
001584
001585
001586
001587
001591
001593
001594
001595
001596
001597
001598
001599
001600
001601
001602
001603
001604
001605
001606
001607
001608
001609
001610
001611
001612
001613
001615
001617
001618
001619
001621
001622
001623
001625
001626
001627
001630
001632
001636
001637
001638
001639
001640
001641
001642
001643
001645
001646
001648
001649
001650
001652
001653
001654
001655
001656
001657
001658
001659
001660
001661
001662
001663
001664
001665
001666
001668
001669
001670
001671
001672
001675
001676
001677
001678
001679
001680
001682
001683
001684
001685
001686
001687
001688
001689
001690
001691
001692
001693
001695
001696
001698
001699
001700
001701
001703
001704
001705
001706
001707
001708
001709
001710
001711
001712
001713
001714
001715
001717
001718
001719
001722
001723
001724
001726
001727
001729
001731
001732
001734
001736
001738
001739
001740
001743
001744
001745
001747
001748
001749
001753
001756
001757
001758
001759
001760
001764
001767
001768
001770
001771
001773
001774
001775
001776
001777
001778
001780
001781
001782
001784
001786
001787
001788
001789
001790
001793
001795
001798
001800
001801
001802
001803
001807
001808
001809
001810
001811
001812
001816
001817
001819
001820
001821
001823
001824
001825
001827
001829
001830
001831
001832
001833
001834
001835
001838
001842
001843
001844
001845
001846
001847
001849
001850
001851
001853
001854
001856
001857
001858
001859
001860
001861
001862
001865
001867
001868
001869
001870
001872
001873
001874
001877
001878
001879
001880
001881
001882
001883
001884
001886
001887
001889
001890
001891
001892
001893
001895
001897
001898
001899
001900
001901
001903
001904
001906
001909
001910
001911
001914
001917
001918
001919
001921
001922
001925
001927
001928
001929
001930
001932
001933
001937
001938
001940
001941
001942
001944
001947
001948
001950
001951
001952
001957
001958
001962
001963
001965
001966
001967
001969
001971
001974
001976
001978
001979
001980
001982
001983
001984
001985
001986
001987
001988
001991
001992
001994
001999
002002
002003
002004
002007
002008
002009
002010
002012
002013
002014
002015
002017
002018
002019
002021
002022
002023
002024
002026
002027
002028
002031
002034
002035
002037
002038
002039
002040
002042
002043
002045
002047
002049
002050
002052
002054
002055
002056
002058
002060
002061
002062
002063
002065
002069
002070
002071
002072
002073
002074
002075
002076
002078
002079
002081
002082
002083
002084
002085
002087
002089
002090
002092
002094
002095
002097
002098
002100
002101
002102
002103
002104
002106
002107
002108
002109
002110
002111
002112
002113
002114
002115
002117
002118
002119
002120
002121
002122
002124
002125
002126
002127
002128
002129
002130
002132
002133
002134
002135
002137
002138
002140
002141
002142
002143
002144
002146
002148
002149
002150
002151
002153
002154
002155
002156
002158
002159
002160
002161
002163
002164
002165
002168
002170
002177
002178
002179
002180
002181
002182
002183
002184
002186
002189
002191
002192
002194
002195
002196
002197
002199
002200
002201
002202
002203
002204
002205
002206
002208
002209
002210
002213
002214
002215
002216
002217
002218
002220
002221
002222
002223
002224
002226
002227
002228
002233
002236
002240
002241
002242
002243
002244
002245
002246
002251
002254
002255
002256
002257
002258
002259
002261
002262
002264
002267
002268
002269
002270
002272
002273
002274
002275
002280
002283
002285
002287
002288
002289
002292
002293
002294
002295
002296
002297
002298
002299
002300
002301
002302
002303
002304
002305
002306
002307
002309
002310
002311
002312
002313
002314
002315
002319
002321
002322
002323
002325
002326
002328
002330
002331
002332
002333
002337
002338
002339
002341
002342
002343
002345
002346
002347
002348
002349
002352
002353
002355
002357
002358
002362
002363
002365
002366
002367
002368
002369
002372
002373
002374
002375
002376
002377
002378
002379
002380
002381
002382
002383
002384
002387
002388
002389
002391
002392
002394
002395
002396
002397
002398
002399
002400
002402
002405
002406
002407
002408
002409
002411
002412
002413
002414
002416
002419
002420
002421
002424
002425
002427
002428
002429
002431
002432
002433
002434
002436
002437
002438
002439
002440
002441
002442
002443
002447
002448
002449
002451
002454
002455
002456
002458
002459
002461
002462
002463
002464
002466
002468
002471
002472
002473
002477
002479
002481
002482
002483
002484
002485
002486
002487
002488
002490
002492
002494
002495
002496
002497
002498
002499
002502
002503
002504
002505
002506
002507
002509
002510
002512
002513
002514
002515
002516
002517
002518
002520
002521
002522
002523
002524
002527
002528
002529
002532
002534
002537
002538
002539
002540
002543
002544
002546
002547
002549
002550
002551
002554
002556
002557
002558
002561
002562
002563
002565
002566
002567
002568
002570
002572
002574
002575
002578
002579
002580
002581
002582
002583
002585
002586
002587
002588
002592
002593
002595
002596
002597
002598
002600
002601
002602
002603
002604
002605
002607
002608
002609
002611
002612
002613
002614
002615
002616
002617
002618
002620
002621
002622
002623
002624
002625
002626
002627
002628
002629
002631
002632
002634
002635
002637
002641
002642
002643
002644
002645
002646
002649
002650
002651
002653
002654
002658
002659
002661
002664
002665
002666
002667
002668
002669
002670
002671
002673
002674
002675
002678
002679
002680
002682
002683
002684
002685
002686
002688
002692
002693
002694
002695
002696
002697
002698
002699
002702
002703
002705
002707
002708
002711
002713
002714
002715
002716
002717
002718
002720
002722
002724
002725
002726
002727
002729
002731
002733
002734
002735
002736
002737
002738
002739
002740
002742
002743
002744
002747
002748
002749
002750
002752
002754
002756
002759
002760
002761
002762
002763
002765
002766
002767
002768
002770
002772
002775
002777
002778
002780
002782
002785
002789
002790
002793
002794
002796
002797
002798
002800
002801
002802
002803
002804
002805
002806
002807
002809
002810
002811
002812
002814
002815
002818
002819
002820
002821
002822
002823
002825
002826
002828
002829
002832
002833
002834
002835
002836
002837
002838
002839
002840
002841
002842
002843
002845
002846
002847
002848
002849
002851
002852
002853
002854
002855
002856
002857
002858
002860
002861
002867
002869
002870
002871
002872
002873
002874
002877
002878
002879
002884
002885
002887
002888
002889
002891
002892
002893
002894
002895
002898
002899
002900
002903
002904
002905
002907
002908
002909
002911
002912
002913
002914
002915
002916
002917
002918
002919
002920
002921
002922
002923
002924
002926
002927
002928
002929
002930
002932
002933
002935
002937
002939
002941
002942
002943
002944
002945
002946
002947
002948
002949
002950
002951
002952
002953
002955
002957
002958
002959
002960
002961
002966
002968
002969
002972
002974
002975
002976
002977
002978
002979
002980
002982
002985
002986
002989
002990
002991
002992
002993
002994
002995
002998
002999
003000
003001
003002
003003
003004
003005
003006
003007
003008
003010
003012
003014
003015
003016
003017
003018
003022
003025
003026
003028
003029
003030
003033
003034
003036
003037
003038
003041
003042
003044
003045
003046
003047
003048
003049
003050
003051
003053
003055
003056
003057
003060
003061
003062
003064
003065
003067
003068
003069
003072
003073
003075
003076
003077
003078
003079
003080
003082
003083
003084
003087
003088
003089
003091
003092
003093
003094
003095
003096
003097
003098
003099
003101
003102
003103
003106
003107
003109
003110
003111
003115
003117
003118
003119
003122
003125
003127
003129
003130
003131
003132
003134
003135
003136
003138
003139
003140
003141
003143
003144
003146
003147
003148
003150
003153
003154
003156
003157
003158
003159
003160
003161
003164
003165
003167
003168
003170
003171
003172
003174
003175
003176
003177
003178
003179
003180
003181
003182
003184
003186
003187
003188
003189
003191
003192
003193
003195
003196
003197
003199
003200
003201
003202
003203
003204
003205
003206
003207
003208
003209
003211
003212
003213
003214
003215
003216
003217
003218
003219
003220
003221
003222
003223
003224
003225
003226
003228
003229
003230
003231
003233
003234
003235
003236
003238
003239
003240
003243
003244
003245
003246
003248
003250
003251
003253
003254
003257
003258
003259
003260
003262
003263
003265
003267
003269
003270
003272
003275
003276
003277
003278
003279
003281
003284
003287
003288
003289
003291
003292
003293
003294
003295
003299
003300
003301
003302
003303
003304
003305
003306
003308
003309
003310
003314
003315
003316
003317
003319
003320
003321
003322
003323
003324
003325
003327
003328
003330
003331
003332
003333
003335
003336
003337
003338
003340
003341
003347
003349
003350
003351
003352
003353
003354
003355
003356
003357
003359
003360
003361
003362
003363
003364
003366
003368
003369
003370
003371
003373
003374
003376
003378
003379
003380
003381
003382
003383
003384
003386
003387
003388
003390
003391
003393
003394
003396
003397
003400
003401
003402
003404
003405
003408
003410
003411
003413
003414
003415
003416
003417
003418
003419
003420
003422
003423
003424
003425
003426
003427
003428
003430
003431
003435
003437
003438
003440
003442
003443
003445
003446
003447
003449
003450
003451
003452
003454
003455
003457
003459
003460
003461
003463
003470
003471
003472
003474
003476
003477
003478
003479
003480
003481
003483
003484
003486
003487
003488
003489
003490
003491
003493
003494
003497
003498
003499
003500
003501
003502
003504
003505
003506
003507
003508
003510
003513
003514
003517
003518
003519
003522
003525
003526
003529
003530
003532
003534
003535
003536
003538
003540
003541
003542
003543
003544
003545
003546
003547
003548
003549
003550
003552
003553
003554
003556
003557
003558
003560
003562
003563
003564
003565
003566
003571
003575
003576
003578
003579
003580
003581
003582
003584
003587
003590
003591
003592
003593
003594
003595
003596
003598
003600
003601
003604
003605
003607
003610
003612
003613
003614
003615
003616
003617
003620
003623
003624
003627
003628
003631
003635
003636
003637
003639
003640
003641
003643
003644
003645
003646
003647
003648
003649
003650
003651
003653
003654
003655
003656
003657
003659
003660
003661
003662
003663
003664
003665
003666
003667
003668
003669
003670
003673
003676
003678
003681
003682
003683
003685
003687
003688
003689
003691
003693
003694
003696
003697
003700
003701
003703
003704
003705
003706
003707
003708
003709
003710
003711
003712
003713
003718
003720
003721
003722
003723
003726
003728
003729
003731
003732
003733
003734
003735
003736
003737
003738
003740
003746
003747
003748
003750
003751
003753
003755
003756
003757
003759
003760
003761
003762
003765
003767
003768
003771
003772
003773
003774
003775
003776
003778
003779
003781
003783
003785
003787
003788
003791
003792
003793
003794
003795
003796
003797
003798
003799
003801
003802
003804
003807
003810
003812
003813
003814
003815
003817
003818
003819
003820
003821
003822
003823
003824
003826
003827
003829
003830
003831
003832
003833
003835
003837
003838
003840
003843
003844
003847
003848
003853
003856
003857
003858
003859
003860
003861
003863
003864
003865
003866
003867
003869
003871
003873
003875
003877
003878
003880
003881
003882
003883
003884
003886
003887
003889
003890
003891
003894
003895
003897
003898
003899
003902
003903
003904
003906
003908
003909
003910
003911
003912
003914
003915
003916
003917
003918
003919
003922
003924
003925
003926
003927
003928
003929
003930
003931
003932
003933
003934
003935
003937
003938
003939
003940
003941
003942
003944
003945
003946
003948
003949
003951
003953
003954
003955
003956
003957
003959
003961
003962
003963
003964
003965
003968
003971
003972
003973
003974
003975
003977
003979
003980
003982
003984
003985
003987
003988
003989
003990
003991
003992
003993
003995
003996
003998
004000
004001
004003
004004
004005
004006
004007
004009
004010
004012
004013
004014
004017
004018
004019
004022
004023
004024
004025
004026
004027
004029
004030
004031
004032
004033
004034
004036
004037
004038
004039
004040
004041
004043
004044
004046
004048
004050
004051
004052
004053
004054
004055
004056
004059
004060
004061
004062
004063
004064
004065
004066
004067
004068
004070
004071
004072
004073
004075
004077
004078
004079
004080
004081
004084
004085
004086
004087
004088
004090
004091
004092
004093
004095
004096
004097
004101
004102
004103
004104
004105
004106
004108
004109
004111
004113
004115
004116
004117
004118
004120
004121
004122
004123
004124
004125
004126
004128
004129
004130
004131
004132
004134
004136
004137
004138
004142
004143
004145
004146
004147
004148
004149
004150
004151
004152
004155
004157
004161
004162
004164
004166
004167
004169
004170
004171
004172
004175
004176
004178
004179
004180
004182
004183
004184
004185
004186
004188
004190
004191
004192
004193
004194
004195
004196
004198
004199
004200
004201
004202
004203
004206
004207
004208
004209
004210
004212
004213
004214
004216
004217
004218
004219
004220
004223
004224
004225
004227
004228
004229
004230
004231
004233
004234
004235
004236
004237
004238
004240
004241
004242
004244
004245
004246
004248
004249
004250
004252
004253
004254
004255
004256
004257
004258
004260
004261
004262
004263
004264
004265
004266
004267
004268
004269
004272
004273
004275
004276
004277
004278
004279
004281
004283
004284
004285
004286
004287
004289
004290
004291
004294
004295
004296
004298
004299
004300
004301
004302
004303
004304
004305
004306
004307
004310
004311
004314
004315
004317
004318
004319
004321
004324
004325
004326
004327
004328
004329
004330
004331
004332
004335
004336
004337
004338
004339
004340
004341
004342
004343
004347
004352
004353
004354
004355
004356
004357
004358
004359
004360
004361
004365
004366
004367
004368
004369
004370
004372
004373
004376
004377
004378
004379
004380
004381
004382
004383
004384
004385
004386
004387
004388
004390
004394
004396
004397
004399
004400
004401
004402
004405
004406
004407
004411
004413
004414
004416
004419
004420
004422
004426
004427
004429
004430
004431
004433
004434
004435
004436
004437
004438
004439
004440
004442
004443
004446
004447
004448
004449
004452
004453
004454
004455
004456
004458
004459
004462
004463
004465
004466
004468
004470
004471
004474
004475
004476
004478
004479
004480
004481
004482
004483
004484
004485
004486
004487
004489
004490
004491
004493
004494
004496
004497
004498
004500
004501
004502
004504
004505
004507
004509
004510
004511
004513
004514
004517
004518
004520
004523
004525
004527
004528
004529
004530
004531
004535
004536
004538
004544
004545
004546
004547
004549
004550
004551
004554
004555
004558
004559
004561
004563
004564
004567
004568
004569
004572
004573
004574
004575
004576
004579
004580
004581
004582
004583
004584
004585
004587
004588
004589
004590
004591
004592
004593
004596
004602
004603
004604
004605
004606
004607
004608
004609
004611
004613
004614
004615
004616
004617
004619
004621
004622
004626
004627
004628
004629
004631
004632
004633
004634
004635
004637
004638
004640
004641
004642
004643
004644
004645
004648
004650
004651
004652
004653
004654
004655
004656
004657
004659
004660
004661
004663
004664
004665
004667
004669
004670
004671
004673
004675
004676
004678
004679
004680
004681
004682
004686
004687
004688
004689
004690
004691
004692
004693
004694
004695
004696
004698
004699
004700
004701
004704
004705
004706
004707
004709
004711
004713
004714
004717
004718
004719
004721
004722
004724
004725
004727
004728
004730
004731
004732
004733
004735
004736
004737
004738
004739
004741
004743
004745
004746
004748
004749
004752
004753
004755
004757
004758
004759
004760
004761
004762
004763
004765
004767
004768
004769
004770
004772
004774
004775
004776
004778
004779
004782
004783
004786
004787
004789
004790
004791
004792
004793
004794
004796
004797
004798
004799
004800
004801
004802
004805
004806
004807
004810
004812
004814
004815
004816
004817
004818
004822
004825
004826
004828
004830
004832
004833
004835
004836
004838
004839
004840
004841
004842
004843
004845
004846
004847
004849
004851
004852
004854
004855
004856
004857
004859
004860
004861
004862
004865
004867
004868
004869
004871
004872
004873
004875
004876
004878
004879
004880
004886
004889
004890
004894
004895
004896
004898
004900
004901
004902
004903
004904
004905
004907
004908
004911
004912
004913
004914
004915
004916
004917
004919
004920
004921
004922
004923
004924
004925
004926
004927
004928
004929
004930
004932
004933
004935
004936
004938
004939
004940
004942
004943
004944
004946
004947
004948
004949
004950
004951
004952
004955
004957
004958
004960
004961
004962
004964
004965
004968
004970
004971
004972
004975
004976
004977
004978
004979
004980
004981
004982
004984
004985
004986
004989
004991
004993
004996
004998
005000
005002
005003
005004
005005
005006
005008
005009
005011
005012
005013
005014
005015
005016
005017
005019
005020
005021
005022
005023
005024
005025
005027
005028
005029
005030
005031
005032
005033
005034
005035
005037
005039
005041
005044
005046
005047
005048
005049
005050
005051
005052
005053
005054
005055
005056
005057
005059
005060
005064
005065
005067
005068
005069
005070
005071
005074
005077
005078
005079
005080
005081
005082
005083
005085
005090
005091
005092
005094
005095
005096
005098
005099
005101
005103
005106
005107
005108
005109
005110
005111
005112
005113
005115
005118
005119
005121
005125
005126
005127
005128
005129
005130
005131
005132
005133
005135
005136
005137
005139
005141
005142
005143
005145
005147
005148
005150
005151
005152
005153
005154
005155
005157
005158
005160
005162
005163
005164
005165
005166
005167
005171
005173
005174
005177
005178
005179
005180
005181
005182
005183
005184
005188
005189
005190
005192
005193
005194
005197
005198
005199
005202
005203
005208
005209
005210
005211
005212
005213
005214
005216
005217
005218
005220
005221
005222
005224
005226
005227
005228
005229
005231
005232
005233
005235
005236
005237
005239
005240
005241
005243
005245
005246
005247
005248
005249
005251
005253
005254
005257
005258
005259
005260
005261
005262
005263
005268
005269
005272
005273
005274
005275
005276
005277
005278
005279
005280
005283
005284
005285
005286
005288
005289
005290
005295
005296
005297
005298
005299
005300
005301
005303
005307
005309
005310
005311
005312
005313
005314
005315
005316
005317
005319
005320
005321
005322
005326
005327
005329
005330
005331
005333
005334
005335
005336
005338
005340
005343
005344
005345
005346
005347
005348
005349
005350
005351
005352
005354
005355
005356
005358
005359
005360
005361
005362
005364
005366
005367
005368
005370
005371
005372
005373
005375
005376
005377
005380
005381
005383
005386
005389
005390
005391
005393
005394
005395
005396
005399
005401
005402
005403
005405
005407
005408
005411
005412
005413
005414
005418
005420
005421
005423
005425
005426
005428
005430
005432
005433
005435
005437
005440
005442
005443
005444
005445
005446
005449
005451
005452
005453
005454
005455
005456
005457
005458
005459
005460
005461
005464
005466
005467
005469
005470
005474
005475
005476
005477
005478
005481
005482
005483
005485
005491
005494
005495
005496
005497
005498
005499
005500
005501
005503
005504
005505
005506
005508
005509
005510
005512
005513
005515
005517
005518
005519
005520
005522
005525
005526
005527
005530
005532
005535
005536
005537
005538
005539
005541
005542
005544
005545
005547
005549
005551
005553
005554
005556
005557
005559
005560
005561
005562
005564
005567
005568
005569
005570
005571
005573
005575
005578
005579
005580
005581
005582
005583
005586
005588
005590
005591
005592
005593
005594
005595
005597
005598
005600
005601
005602
005603
005604
005607
005609
005610
005611
005612
005614
005615
005616
005619
005621
005622
005624
005625
005627
005628
005629
005630
005632
005634
005635
005636
005638
005639
005640
005642
005643
005644
005645
005646
005649
005650
005652
005656
005658
005659
005662
005663
005665
005666
005669
005670
005671
005672
005673
005675
005676
005677
005678
005679
005681
005683
005686
005687
005688
005689
005690
005691
005692
005693
005694
005695
005696
005698
005699
005701
005702
005703
005707
005708
005709
005712
005714
005715
005716
005717
005718
005722
005723
005725
005726
005727
005729
005731
005733
005734
005735
005736
005737
005738
005739
005740
005741
005742
005747
005750
005751
005752
005753
005754
005755
005756
005759
005760
005761
005762
005764
005765
005767
005769
005770
005772
005773
005775
005776
005779
005781
005782
005783
005784
005785
005787
005788
005789
005790
005792
005793
005795
005796
005797
005801
005803
005804
005805
005807
005808
005809
005810
005812
005813
005815
005816
005817
005818
005819
005820
005821
005822
005823
005824
005825
005826
005827
005828
005829
005830
005832
005833
005834
005835
005836
005837
005838
005839
005842
005843
005844
005846
005847
005848
005849
005850
005851
005852
005853
005854
005855
005856
005858
005859
005860
005861
005862
005863
005864
005866
005868
005869
005871
005872
005873
005874
005875
005876
005877
005879
005883
005888
005889
005891
005894
005897
005899
005900
005901
005902
005903
005906
005907
005909
005910
005911
005912
005914
005916
005917
005919
005920
005921
005922
005923
005924
005926
005928
005930
005931
005933
005934
005936
005937
005938
005939
005940
005941
005942
005943
005944
005945
005948
005949
005950
005951
005952
005953
005954
005955
005956
005957
005958
005959
005960
005961
005963
005964
005967
005970
005971
005975
005976
005978
005981
005982
005983
005989
005990
005991
005992
005993
005994
005997
005998
005999
006000
006002
006003
006004
006005
006006
006007
006008
006009
006010
006012
006014
006015
006019
006020
006022
006023
006024
006026
006029
006030
006031
006032
006034
006035
006036
006038
006039
006040
006041
006042
006043
006045
006046
006047
006049
006051
006052
006053
006054
006055
006057
006059
006061
006063
006064
006065
006068
006069
006070
006071
006073
006076
006077
006079
006080
006082
006083
006084
006088
006089
006090
006091
006094
006095
006096
006097
006099
006101
006103
006104
006105
006106
006107
006108
006109
006111
006112
006114
006115
006117
006118
006120
006121
006122
006125
006126
006129
006130
006131
006132
006133
006134
006138
006140
006141
006142
006143
006144
006145
006146
006149
006150
006152
006154
006155
006156
006157
006161
006162
006163
006164
006165
006167
006169
006170
006171
006174
006175
006176
006177
006179
006180
006182
006183
006184
006185
006186
006188
006189
006192
006193
006194
006197
006199
006200
006201
006202
006204
006205
006206
006207
006208
006209
006211
006212
006213
006214
006215
006217
006218
006219
006220
006221
006222
006225
006226
006228
006229
006231
006232
006233
006234
006236
006237
006239
006240
006244
006245
006250
006252
006253
006255
006256
006257
006258
006260
006261
006263
006264
006265
006267
006268
006269
006270
006272
006274
006276
006277
006278
006279
006280
006281
006283
006284
006285
006286
006287
006288
006289
006291
006292
006293
006297
006299
006300
006301
006302
006303
006304
006305
006307
006309
006310
006311
006312
006313
006314
006316
006318
006319
006320
006321
006323
006325
006326
006329
006330
006331
006334
006336
006337
006339
006340
006341
006342
006343
006344
006346
006347
006348
006350
006351
006353
006354
006355
006357
006358
006359
006360
006361
006362
006363
006364
006365
006366
006367
006368
006369
006372
006373
006375
006377
006379
006380
006381
006382
006383
006384
006385
006387
006388
006392
006393
006394
006396
006397
006398
006400
006401
006402
006403
006405
006406
006408
006410
006412
006414
006415
006416
006418
006419
006420
006421
006422
006424
006425
006426
006428
006429
006430
006432
006433
006434
006435
006437
006438
006439
006440
006441
006443
006444
006445
006446
006447
006449
006452
006453
006454
006455
006456
006457
006458
006459
006460
006461
006462
006463
006464
006465
006466
006467
006469
006470
006471
006472
006474
006476
006477
006478
006479
006481
006482
006483
006484
006485
006486
006487
006489
006490
006492
006493
006494
006495
006496
006497
006499
006500
006501
006503
006504
006505
006506
006507
006508
006509
006510
006511
006512
006513
006514
006517
006518
006519
006520
006523
006524
006525
006526
006527
006529
006530
006531
006532
006536
006537
006539
006541
006542
006543
006544
006547
006548
006549
006550
006551
006553
006555
006556
006557
006559
006560
006562
006563
006564
006566
006567
006568
006569
006570
006572
006573
006574
006576
006577
006579
006580
006581
006583
006584
006585
006586
006589
006591
006592
006593
006597
006598
006599
006600
006602
006603
006604
006605
006608
006610
006612
006613
006614
006617
006618
006620
006621
006622
006623
006624
006625
006627
006628
006629
006634
006635
006636
006637
006642
006643
006645
006646
006647
006648
006650
006651
006652
006653
006654
006655
006656
006657
006660
006661
006662
006663
006664
006665
006667
006668
006669
006670
006671
006672
006673
006675
006677
006678
006679
006681
006685
006686
006687
006688
006690
006691
006692
006694
006697
006698
006699
006700
006702
006705
006706
006707
006708
006709
006710
006711
006712
006713
006714
006715
006716
006717
006718
006719
006720
006723
006725
006727
006729
006730
006733
006734
006736
006737
006739
006741
006742
006743
006747
006748
006750
006751
006753
006754
006755
006756
006758
006759
006760
006761
006762
006763
006764
006767
006771
006772
006773
006775
006776
006777
006778
006779
006780
006783
006784
006785
006786
006788
006789
006790
006792
006796
006797
006798
006800
006803
006805
006806
006808
006809
006810
006814
006815
006816
006817
006818
006820
006821
006823
006824
006825
006826
006827
006828
006829
006831
006832
006834
006835
006836
006838
006839
006840
006841
006843
006844
006845
006846
006847
006850
006852
006853
006854
006855
006857
006858
006859
006860
006861
006862
006863
006864
006866
006867
006868
006869
006870
006871
006872
006873
006874
006875
006876
006877
006879
006880
006881
006883
006884
006885
006887
006888
006889
006890
006892
006893
006895
006897
006898
006899
006903
006905
006906
006907
006908
006909
006910
006913
006914
006916
006917
006918
006921
006922
006923
006924
006925
006927
006929
006932
006933
006934
006935
006938
006939
006940
006941
006943
006944
006945
006946
006947
006948
006949
006950
006951
006953
006954
006955
006956
006957
006958
006960
006961
006962
006963
006964
006965
006967
006968
006969
006970
006971
006972
006973
006976
006978
006979
006980
006983
006984
006986
006988
006989
006990
006991
006992
006993
006995
006998
006999
007000
007001
007002
007003
007004
007007
007008
007009
007010
007014
007015
007016
007017
007018
007019
007021
007022
007023
007024
007025
007026
007027
007029
007030
007031
007032
007033
007035
007036
007038
007039
007040
007041
007043
007044
007045
007047
007048
007049
007050
007052
007053
007055
007057
007061
007062
007063
007065
007066
007067
007068
007069
007070
007072
007073
007075
007077
007078
007081
007082
007084
007085
007086
007087
007088
007089
007091
007093
007094
007095
007096
007097
007099
007100
007101
007104
007106
007107
007108
007109
007110
007111
007115
007117
007118
007119
007120
007122
007124
007126
007127
007129
007132
007133
007134
007135
007136
007137
007138
007139
007141
007142
007144
007145
007147
007151
007152
007153
007154
007155
007156
007157
007159
007160
007161
007162
007163
007164
007165
007168
007169
007170
007172
007173
007175
007176
007177
007178
007181
007182
007183
007184
007185
007186
007188
007189
007190
007191
007193
007194
007196
007197
007199
007200
007202
007204
007205
007206
007207
007210
007211
007212
007213
007214
007215
007218
007219
007221
007222
007225
007226
007227
007228
007229
007231
007232
007233
007234
007235
007236
007238
007239
007240
007241
007242
007243
007245
007246
007250
007252
007254
007255
007256
007262
007266
007267
007268
007269
007270
007272
007273
007274
007275
007276
007277
007278
007279
007281
007282
007283
007284
007285
007286
007287
007290
007291
007292
007294
007295
007296
007297
007300
007301
007302
007303
007304
007306
007307
007309
007310
007313
007314
007315
007316
007317
007318
007319
007321
007323
007324
007327
007328
007329
007330
007331
007332
007333
007334
007335
007336
007337
007338
007339
007340
007342
007343
007344
007346
007348
007349
007350
007352
007353
007354
007355
007356
007357
007358
007359
007360
007361
007362
007363
007364
007365
007366
007367
007368
007369
007371
007373
007374
007375
007377
007378
007379
007381
007382
007383
007384
007385
007387
007389
007390
007392
007393
007394
007395
007396
007397
007398
007399
007400
007401
007402
007403
007404
007405
007406
007407
007408
007410
007412
007413
007415
007416
007418
007419
007424
007425
007427
007428
007429
007430
007431
007432
007433
007435
007436
007437
007438
007439
007440
007441
007442
007443
007444
007446
007447
007448
007449
007450
007451
007453
007454
007455
007456
007457
007458
007459
007460
007461
007462
007463
007465
007466
007467
007468
007469
007470
007471
007474
007475
007476
007477
007478
007479
